59 93
43 4
8 72
6 17
88 4
4 9
87 55
50 89
72 82
47 36
5 77
100 53
94 46
7 11
10 70
49 25
55 8
78 39
10 100
59 23
28 66
55 21
97 84
80 1
92 96
33 36
89 8
61 45
18 100
53 33
61 39
74 23
80 49
52 25
44 74
70 5
46 43
39 42
88 44
41 37
54 84
39 36
42 69
65 61
12 52
88 57
95 56
79 4
67 86
44 50
3 99
71 78
13 31
95 26
2 38
44 80
9 75
36 85
6 29
84 29
8 35
69 93
95 74
36 48
35 89
16 99
86 63
60 73
69 17
50 77
46 55
63 10
24 74
60 40
90 97
45 20
2 88
40 28
66 93
32 35
1 79
4 22
43 36
76 65
63 58
40 95
9 56
28 68
57 68
100 94
97 45
13 28
95 65
74 45
71 45
52 40
45 55
38 32
26 70
79 73
75 44
84 49
39 89
31 19
62 95
51 65
46 44
98 99
68 23
91 70
89 41
95 54
20 100
68 95
43 78
67 4
18 39
81 93
34 28
47 56
52 61
8 100
39 37
19 82
15 52
26 24
93 55
68 45
70 96
11 96
39 58
74 52
62 31
83 52
33 31
46 78
89 55
35 39
74 4
78 74
97 56
62 39
95 31
11 95
13 81
8 44
34 78
22 43
60 86
18 30
78 87
63 39
98 24
28 63
86 44
83 98
82 39
84 85
38 61
71 81
10 89
37 72
60 23
6 23
91 99
100 2
94 29
70 52
67 85
11 66
33 90
21 23
96 4
62 33
58 48
55 4
38 60
41 87
51 38
69 8
24 28
37 62
49 28
63 38
14 69
38 82
63 76
57 14
26 22
54 93
77 25
30 45
8 6
54 8
15 19
36 32
19 44
35 62
16 14
93 23
50 60
13 100
90 41
51 46
8 46
12 20
72 63
67 9
95 25
53 64
45 2
49 29
67 20
53 60
57 9
54 87
35 15
13 95
38 80
4 66
45 22
79 42
20 52
91 53
69 10
13 61
84 24
62 84
36 27
55 20
81 42
25 56
12 34
44 10
10 90
43 9
73 13
42 70
5 48
65 35
6 93
24 7
91 71
24 16
50 94
71 1
40 19
90 25
36 56
25 8
12 65
81 66
93 33
82 42
30 21
52 9
30 44
54 80
22 96
1 21
14 97
10 71
89 99
68 88
86 15
76 32
18 11
79 82
80 53
1 91
63 26
71 87
64 52
88 28
26 21
37 65
34 50
40 69
14 44
18 40
9 31
82 78
32 11
9 84
32 95
17 43
65 34
88 3
65 26
13 33
32 18
35 79
6 39
65 77
58 16
58 57
58 15
38 76
3 22
43 20
52 32
100 39
56 85
12 55
37 60
81 88
54 1
79 23
62 21
31 17
81 1
72 39
99 70
57 78
58 52
81 47
16 26
74 20
98 53
91 97
56 28
50 33
53 43
41 98
49 1
72 28
100 34
11 68
94 65
5 45
41 11
99 71
60 9
9 98
42 47
49 91
23 35
35 92
25 62
5 71
1 39
66 100
76 87
55 99
65 88
63 15
15 57
29 55
40 56
75 15
86 75
39 47
40 22
11 38
53 3
41 88
66 2
18 5
60 72
87 31
94 14
85 20
50 92
83 90
90 4
52 43
15 43
29 100
39 44
81 21
14 65
13 58
35 66
65 39
27 18
21 42
80 48
44 22
77 3
89 25
24 45
60 6
36 54
99 8
59 27
55 53
71 46
67 5
97 23
96 84
95 75
76 88
77 18
24 61
96 86
53 69
67 70
84 50
96 41
60 24
67 21
48 32
97 37
74 42
73 90
96 9
7 34
6 31
65 71
93 28
47 51
82 89
72 94
36 93
37 50
95 3
38 94
6 66
50 38
16 70
78 40
65 58
48 100
81 10
97 49
85 76
11 19
99 7
93 7
39 73
90 78
46 61
89 32
89 5
91 28
23 66
13 75
50 39
2 15
9 61
80 79
22 6
85 28
68 38
74 77
93 75
19 73
68 84
58 26
68 6
58 14
30 55
95 96
76 69
55 70
9 26
60 54
69 41
20 40
52 50
33 43
36 38
78 44
49 62
39 17
9 12
96 60
10 36
85 61
80 14
28 10
75 52
68 19
33 88
33 79
36 46
14 82
52 99
31 51
45 98
2 80
3 49
72 21
1 42
56 6
35 77
69 92
9 8
66 25
12 93
24 92
57 5
53 1
37 34
8 24
89 68
83 69
54 94
67 78
86 14
55 27
4 75
92 40
21 54
42 93
99 69
22 100
91 15
74 39
29 60
99 39
38 65
70 68
22 49
35 21
58 41
46 2
18 21
86 8
43 45
15 68
70 85
72 74
24 71
1 2
19 52
11 50
35 4
12 96
21 85
25 11
52 67
77 64
85 75
8 18
83 59
81 83
44 81
89 100
46 27
82 41
7 18
95 67
70 8
63 4
63 36
69 70
63 31
32 22
65 96
27 86
3 98
100 27
54 97
72 99
16 64
42 28
25 88
45 57
33 77
6 54
85 53
36 17
72 88
2 43
14 5
8 39
27 15
32 47
70 82
9 45
47 10
53 11
48 78
53 42
24 93
6 12
97 98
72 4
59 24
18 59
45 3
55 61
91 86
30 49
91 37
91 88
99 86
35 97
81 20
73 30
43 85
40 30
64 93
34 36
78 70
87 19
36 96
4 13
23 87
16 87
42 25
74 12
70 9
12 75
2 50
91 19
28 69
66 59
98 50
76 68
54 48
55 7
12 84
78 7
79 6
25 69
62 43
7 70
56 75
56 15
91 47
78 56
90 61
85 54
48 56
17 24
1 57
21 8
100 64
18 76
87 35
68 41
41 43
50 48
54 62
38 46
50 43
45 54
86 71
47 65
45 29
66 48
45 47
23 32
14 84
62 18
66 22
61 100
19 93
94 21
48 43
99 9
44 1
67 24
48 23
83 99
40 62
65 31
45 36
98 72
14 96
57 98
84 87
25 96
58 2
96 46
78 99
20 65
45 27
37 63
77 49
86 16
36 12
58 98
47 58
45 12
38 30
3 52
41 57
53 82
35 44
50 70
60 39
44 11
80 73
6 16
70 59
40 70
76 58
39 27
70 44
7 29
87 86
66 49
91 72
78 4
40 74
4 94
21 92
27 8
31 96
31 72
17 37
94 1
88 39
100 59
58 32
79 44
20 49
10 50
36 98
71 34
34 20
63 30
39 22
33 27
38 34
47 86
12 49
91 74
90 93
77 55
45 35
91 17
18 61
96 59
93 18
64 45
9 48
17 68
71 53
79 49
3 70
55 75
82 88
3 71
32 21
1 4
18 26
83 79
20 82
33 86
82 60
55 72
34 68
90 48
71 57
73 51
43 56
77 16
3 7
24 100
52 51
19 32
29 24
51 50
91 23
23 63
34 69
94 34
42 87
53 62
78 22
6 85
89 94
80 84
58 53
60 71
13 2
7 23
50 71
73 86
78 53
93 3
38 41
9 34
7 94
68 59
10 74
58 45
64 50
85 39
75 7
10 55
19 13
69 36
82 99
83 97
74 8
5 39
41 60
78 54
67 8
77 37
22 70
44 13
45 32
26 32
88 92
13 72
33 54
87 36
34 89
58 34
69 44
69 91
4 44
69 22
57 16
50 53
67 19
10 62
49 70
54 86
60 75
52 6
37 59
17 32
82 25
36 51
94 97
8 14
40 79
69 12
72 50
42 45
79 2
88 69
81 96
25 2
14 92
28 74
27 85
66 14
37 19
100 68
23 37
86 32
33 68
35 68
32 73
51 59
8 49
95 42
20 1
94 37
58 97
99 88
23 88
4 18
25 43
75 71
20 24
91 35
51 55
56 86
3 78
73 49
5 19
25 68
95 63
68 96
67 69
11 28
76 83
45 91
43 63
86 12
86 40
50 93
18 20
73 67
28 14
15 59
77 61
73 47
75 49
43 60
1 46
90 36
63 16
57 79
84 39
96 8
58 25
93 8
87 83
42 58
86 11
53 44
94 42
51 45
35 57
39 93
14 12
69 16
53 45
7 8
70 37
29 63
59 73
68 91
13 24
86 61
52 22
32 88
46 34
89 4
87 88
40 38
71 79
20 92
95 34
49 82
60 35
11 21
21 65
11 79
14 39
12 99
3 89
11 52
50 85
12 57
24 58
84 25
38 49
30 16
1 25
48 61
6 87
78 45
93 49
77 8
33 83
87 61
41 72
47 20
71 72
61 74
62 70
28 6
62 93
73 99
92 11
24 55
42 84
66 29
30 68
16 31
97 30
74 56
70 23
90 92
11 5
80 50
53 14
73 24
40 21
3 44
59 76
71 52
2 71
7 69
77 87
19 2
48 84
29 26
16 100
69 39
87 56
64 23
71 62
40 15
68 56
56 53
36 11
85 26
70 61
60 78
7 46
27 87
16 80
95 88
32 51
2 14
86 80
73 96
37 46
7 40
44 59
45 17
98 63
58 71
80 91
5 58
33 23
71 32
49 58
12 77
9 63
57 94
67 50
48 24
85 59
15 5
76 6
2 27
47 49
91 4
48 71
81 85
76 71
4 48
72 46
79 84
75 68
2 64
30 90
18 97
70 51
23 4
84 19
41 13
25 12
28 57
63 54
37 9
70 92
75 22
80 78
55 69
18 34
47 26
2 67
87 22
40 51
28 39
21 15
83 86
67 58
61 35
25 27
88 5
46 3
49 72
88 84
59 36
57 38
75 84
95 61
77 76
33 24
35 69
34 61
56 24
68 87
39 90
95 39
58 83
15 99
62 13
93 89
48 53
16 38
51 60
73 89
28 23
5 60
60 67
31 4
25 47
19 47
33 92
23 50
33 4
7 65
7 2
75 33
100 5
15 3
91 75
16 12
35 99
5 63
17 94
16 52
19 61
64 3
10 32
58 21
3 59
77 52
14 59
98 11
77 69
85 35
66 36
81 23
12 24
16 84
40 98
63 51
72 54
7 42
58 70
89 44
90 56
3 13
1 58
35 31
97 48
51 94
16 62
99 31
73 8
35 81
33 87
44 97
52 55
49 90
38 81
68 7
95 85
52 1
90 99
96 64
53 21
10 98
89 78
89 85
69 37
4 58
1 11
66 99
41 31
79 87
40 54
11 69
85 57
14 93
15 50
56 70
48 39
10 43
77 97
54 31
72 70
12 27
62 99
96 40
19 24
78 69
64 35
86 2
82 47
79 60
10 45
64 82
35 80
89 29
45 25
49 46
66 55
57 76
37 82
100 21
75 1
71 100
84 66
27 9
90 38
36 61
5 87
76 91
68 60
96 51
24 79
75 72
26 87
16 82
98 76
19 3
13 79
25 57
33 37
91 87
46 68
99 2
30 98
16 40
52 87
83 95
87 70
4 93
15 28
95 99
82 67
19 8
60 10
68 21
65 16
92 59
38 58
9 20
37 51
90 96
88 17
66 72
28 36
26 57
72 86
10 26
21 91
62 30
57 42
1 99
95 100
97 10
99 64
40 39
72 90
42 6
52 68
24 83
96 55
36 97
94 58
16 53
33 5
53 36
44 71
71 15
42 85
47 85
6 48
22 73
28 35
89 19
10 83
78 55
87 93
97 50
38 44
59 99
48 13
14 22
64 55
7 95
69 1
100 40
99 5
12 19
38 5
92 25
42 27
55 38
73 46
59 41
46 33
98 96
60 32
12 66
44 77
21 37
96 38
31 18
56 20
80 31
6 65
90 94
27 69
44 47
32 29
44 42
99 85
27 73
8 31
70 24
27 26
44 90
6 47
23 55
31 22
2 21
68 39
36 24
58 7
9 78
41 23
83 82
41 47
39 24
96 97
89 47
49 53
14 87
53 47
70 2
80 32
77 48
97 38
87 44
81 11
42 11
45 79
80 8
7 74
94 56
2 54
7 48
7 44
46 10
60 19
48 49
8 95
5 23
26 94
24 68
69 94
67 37
44 61
11 56
88 63
1 19
82 5
41 28
64 98
21 51
6 92
67 62
80 96
61 99
22 72
55 11
45 16
75 43
36 86
48 27
97 66
77 88
22 1
56 10
33 6
83 51
67 57
36 7
40 1
17 83
81 54
11 10
22 57
62 23
17 87
76 56
66 56
42 99
29 68
45 11
100 25
13 32
16 5
20 66
13 69
11 35
18 3
18 86
26 17
36 60
89 76
50 6
90 57
14 3
77 42
29 30
78 62
99 33
80 34
73 41
92 23
28 22
94 41
59 32
88 36
84 64
30 91
49 63
36 52
8 34
52 47
45 99
3 54
8 20
54 14
8 91
30 35
59 86
51 69
17 74
60 13
87 18
50 28
38 14
59 43
100 81
53 31
43 81
73 85
91 93
19 66
99 13
23 69
81 25
9 14
36 82
89 24
75 64
8 48
54 24
70 84
91 36
45 66
56 63
19 51
45 81
97 59
79 91
43 88
13 57
60 34
25 76
17 18
93 29
33 73
91 24
13 54
65 63
90 59
25 37
84 13
8 15
25 87
100 43
14 88
60 31
92 71
29 23
49 15
71 12
4 2
16 61
98 25
16 42
38 70
14 45
88 60
29 82
93 86
34 44
81 28
86 35
37 22
27 96
79 78
54 65
86 74
37 43
37 4
19 18
64 47
19 28
84 93
25 24
56 26
46 40
63 32
95 79
95 71
73 11
53 35
67 16
57 2
83 16
39 53
68 86
69 62
4 64
50 20
34 92
77 90
95 70
89 72
36 80
95 55
62 89
26 60
90 22
54 35
71 9
45 75
97 25
25 28
82 3
37 1
63 24
9 21
41 2
54 68
26 38
9 47
14 32
79 28
61 56
58 95
94 33
75 62
15 25
81 69
43 84
49 9
87 32
77 6
100 63
48 85
46 60
54 66
80 26
47 79
79 31
84 59
84 99
88 71
87 37
48 73
18 91
65 44
97 70
96 77
88 45
32 90
12 72
72 81
29 14
23 8
65 43
44 25
12 54
11 9
29 88
82 33
25 73
71 83
62 87
56 33
63 93
100 14
85 92
21 59
90 52
60 59
61 89
47 60
8 30
51 99
50 63
20 75
32 20
99 75
76 30
74 27
23 89
7 13
68 3
91 27
74 19
21 86
25 26
3 61
67 88
23 83
47 50
57 99
66 31
47 98
76 20
44 84
48 45
24 99
14 95
46 28
21 43
14 68
50 91
13 10
89 86
80 100
98 19
20 95
57 36
15 29
80 93
19 59
6 97
78 21
96 7
81 74
79 43
63 68
29 37
74 21
44 2
11 71
24 32
88 86
56 31
58 30
91 58
97 65
1 5
7 97
2 42
6 14
37 98
13 15
20 57
13 53
98 71
8 28
32 61
43 16
91 56
25 17
7 63
96 10
65 28
40 37
41 54
71 89
9 33
98 21
79 20
9 7
62 47
68 16
85 82
43 8
92 57
86 79
27 47
54 46
6 49
37 90
15 1
88 96
87 90
87 47
26 67
56 30
26 61
51 87
4 30
8 66
83 32
10 91
90 3
12 41
27 56
25 10
43 83
46 64
43 95
95 73
96 1
34 91
37 53
62 76
5 17
33 28
51 35
29 96
7 67
54 76
66 42
86 39
54 98
17 72
52 98
44 95
14 46
12 33
27 78
89 49
9 36
29 27
25 39
75 59
4 29
64 17
76 21
61 30
64 87
19 64
29 90
11 83
39 21
75 58
33 97
7 83
92 87
6 41
71 13
7 50
25 35
48 12
63 13
58 90
77 30
96 53
45 6
96 42
51 41
59 20
70 90
58 74
7 43
94 59
70 83
92 62
89 18
91 25
33 89
32 55
3 80
31 5
41 83
93 31
56 39
31 40
88 37
37 36
72 100
82 55
67 34
72 85
89 28
98 92
2 39
88 11
64 32
32 39
21 95
62 19
90 45
40 29
98 60
91 67
69 19
1 63
85 23
1 56
93 97
68 94
3 16
48 52
30 10
85 16
9 28
66 44
61 25
56 12
37 96
26 92
33 49
48 30
59 63
73 76
38 43
2 30
43 61
26 46
24 57
40 84
47 54
52 53
13 74
1 17
45 21
54 82
100 57
62 57
42 31
49 23
19 72
31 20
32 57
58 8
74 70
83 44
2 81
87 24
88 47
29 3
27 10
85 60
45 100
92 13
2 49
68 58
81 33
57 18
69 49
16 94
34 63
29 70
6 25
10 73
100 38
79 22
59 65
36 42
92 30
86 22
45 28
2 37
45 65
52 42
79 17
36 3
26 55
92 29
100 30
87 100
79 46
4 15
17 56
82 30
44 36
66 26
75 92
11 14
51 98
3 60
67 90
56 71
56 2
42 24
34 13
46 45
63 71
81 87
89 63
33 69
87 73
86 69
19 56
76 12
46 59
81 17
1 95
37 92
19 57
31 48
85 77
26 2
53 10
87 98
49 57
48 95
33 71
73 58
25 53
76 97
40 25
31 76
12 40
11 15
91 42
33 42
42 41
51 16
84 6
51 77
20 22
37 81
35 59
92 19
57 39
17 55
48 17
90 12
78 24
1 27
6 2
85 97
48 62
76 64
61 4
8 63
9 91
59 4
65 17
47 15
23 52
50 58
39 76
85 1
12 47
23 12
95 35
99 18
49 78
24 31
46 6
7 85
70 15
54 77
5 61
47 57
80 92
13 47
35 24
23 86
11 6
12 21
13 89
1 62
80 81
24 40
27 35
79 85
89 22
74 84
55 40
45 7
84 73
12 30
38 47
5 29
27 24
64 73
55 85
18 2
54 44
12 91
49 51
74 29
83 57
32 70
75 8
2 51
12 26
84 18
28 55
17 4
80 88
57 46
73 43
38 13
75 35
73 50
64 97
81 99
8 47
73 7
41 77
17 100
22 27
95 24
62 56
40 3
59 52
73 83
96 69
23 95
55 67
88 64
11 70
14 48
7 100
13 1
41 48
98 26
50 26
40 82
25 72
71 85
29 67
99 6
9 80
38 15
92 51
47 92
28 17
73 23
73 94
35 3
61 2
52 62
60 33
55 65
39 79
18 69
70 12
89 1
30 96
20 51
58 17
50 57
5 47
42 65
62 14
59 28
89 2
33 52
23 78
80 56
79 81
84 4
16 89
9 86
67 65
76 90
100 85
69 97
18 68
24 14
34 85
1 14
64 72
92 95
75 50
92 48
33 7
36 23
76 7
75 25
77 68
100 78
31 69
78 88
12 44
86 94
4 71
39 31
64 70
1 50
22 8
41 18
24 5
69 46
27 92
19 95
92 43
81 64
82 52
50 13
40 10
58 27
29 87
59 49
81 95
19 10
15 98
54 71
25 29
43 44
91 7
12 59
58 20
62 46
98 81
19 63
14 30
67 38
79 63
86 78
5 40
10 80
80 55
71 35
90 15
13 40
51 24
49 60
36 18
22 77
99 36
87 13
3 32
98 48
74 41
44 31
47 22
15 45
25 70
59 7
60 92
49 42
88 93
2 9
59 98
28 64
42 97
48 81
45 31
10 52
16 60
85 41
19 34
29 31
15 55
47 17
11 93
62 65
8 71
42 26
38 86
95 41
28 58
1 43
34 83
67 40
62 7
7 60
76 34
71 14
66 61
3 79
80 95
11 26
15 39
58 59
46 30
37 93
24 80
18 47
1 29
83 96
79 53
29 64
63 90
79 93
78 38
6 53
33 85
95 30
18 75
55 73
99 26
47 63
27 66
29 42
23 65
25 33
56 69
85 69
51 79
97 1
34 26
60 52
77 4
90 55
76 79
30 54
80 42
20 60
83 50
79 56
67 98
6 80
42 78
48 93
89 12
17 63
88 50
40 81
72 43
76 13
19 38
99 60
6 57
81 31
47 37
4 87
38 1
19 46
57 59
26 14
62 24
56 64
31 98
43 86
94 76
46 35
68 5
26 41
88 66
29 71
100 65
29 76
72 45
54 67
93 95
58 79
62 55
59 1
91 31
48 19
99 58
34 70
6 58
59 10
95 33
15 37
26 3
24 81
67 61
29 56
50 27
33 40
16 25
85 86
8 53
79 54
73 63
5 73
20 78
81 55
9 23
29 98
67 49
27 17
94 81
96 99
15 97
59 77
80 17
77 39
76 96
73 93
50 49
65 86
36 75
62 51
76 61
74 98
79 27
29 12
72 83
79 14
51 27
94 71
66 40
75 78
60 80
4 14
74 9
47 68
54 90
87 48
62 61
59 61
78 36
39 83
93 58
24 90
75 31
23 11
6 69
22 13
54 100
27 83
91 46
76 24
79 59
62 64
37 73
76 19
61 37
53 19
18 25
5 91
80 12
48 69
25 85
24 43
58 19
37 64
96 13
90 26
83 4
79 41
22 54
23 99
74 35
93 1
29 33
91 83
11 2
86 90
68 9
70 75
54 20
96 79
88 8
7 49
57 64
77 98
61 75
73 92
83 60
52 80
88 40
73 6
45 77
19 29
63 41
7 56
77 20
53 67
43 99
55 84
62 90
5 12
90 82
2 55
16 7
9 22
67 13
66 79
24 38
37 12
86 7
33 91
46 31
9 41
50 79
98 94
50 46
19 45
85 87
86 30
97 99
97 28
12 64
84 37
41 30
28 5
50 74
78 26
58 60
60 100
85 49
72 29
26 82
97 2
61 15
53 30
25 19
24 82
23 1
62 12
53 76
26 64
40 76
81 70
15 67
86 5
74 32
63 52
65 10
11 63
81 57
87 38
14 70
51 88
82 63
32 40
17 33
89 57
40 49
22 55
31 83
22 2
51 85
49 43
100 50
86 70
98 91
77 86
53 87
29 75
23 26
25 41
66 18
91 22
65 52
11 17
86 84
73 9
17 54
31 88
42 18
68 90
58 56
98 8
38 4
7 89
43 66
64 79
34 3
23 15
52 5
13 93
80 25
15 44
55 74
97 3
7 22
37 56
59 2
95 76
94 53
29 9
1 67
38 17
84 58
92 67
82 87
27 28
17 9
52 54
18 22
57 87
1 6
5 8
44 58
20 62
73 31
41 32
57 61
90 79
68 65
60 18
71 6
75 94
32 94
23 42
25 65
43 47
96 66
21 33
47 95
5 56
54 53
34 59
32 77
10 38
45 83
63 40
60 76
32 2
17 15
88 97
32 1
88 62
19 54
39 75
32 33
93 45
79 18
24 49
79 15
76 28
79 8
71 93
30 33
6 63
46 90
18 96
18 33
73 2
96 34
67 3
22 98
41 71
59 95
54 56
65 32
92 39
33 67
75 82
61 21
33 35
9 77
51 6
42 51
75 66
69 90
85 64
49 26
77 95
92 2
5 80
59 71
100 99
9 64
67 77
64 14
95 84
95 66
44 41
72 62
44 23
10 84
21 90
60 56
12 38
35 2
9 83
3 21
22 58
36 70
61 17
43 51
36 100
40 42
81 30
51 4
94 35
60 63
31 43
53 22
64 95
83 55
10 29
97 73
7 92
6 89
3 4
65 29
94 19
82 35
66 38
62 50
58 55
94 78
19 97
24 65
51 68
18 56
11 31
100 84
57 52
9 76
58 35
74 34
99 22
89 36
72 65
61 8
5 98
5 85
58 36
82 23
30 64
16 9
92 18
56 35
95 89
89 80
30 50
27 11
37 58
89 52
77 40
64 41
16 75
7 47
39 91
13 37
52 37
30 25
23 19
1 35
84 41
6 67
73 62
13 45
36 73
73 54
23 54
54 55
83 100
99 17
36 74
92 55
95 49
62 4
89 31
68 66
47 3
89 42
4 27
37 79
95 17
48 59
69 26
96 15
41 99
37 100
55 49
15 66
92 81
87 3
33 19
67 84
27 31
77 57
79 7
66 98
52 100
63 78
77 79
85 91
34 79
8 59
82 8
25 31
36 26
20 72
24 94
66 58
21 24
60 84
7 14
78 41
24 23
68 92
96 52
59 74
16 2
30 69
2 62
36 83
52 94
28 18
13 51
76 35
82 73
51 100
31 64
96 32
16 96
7 30
65 85
95 16
49 18
72 47
38 79
44 32
32 81
83 93
62 42
99 77
37 31
99 87
57 10
23 46
53 61
76 84
31 55
28 12
70 33
57 40
28 75
73 65
66 86
46 97
42 48
20 71
53 27
72 40
4 76
94 45
13 27
66 17
56 93
48 29
53 70
42 63
76 5
48 21
72 18
54 34
17 16
40 36
95 12
53 29
59 45
18 58
10 23
13 59
77 82
88 73
65 3
20 10
66 64
46 92
58 72
95 18
11 16
30 78
43 32
94 95
13 83
91 55
35 10
92 77
20 26
92 31
22 51
65 11
97 47
7 4
74 6
100 9
21 44
71 40
84 61
73 40
63 92
62 96
29 57
16 46
98 73
28 60
84 65
46 32
7 80
73 44
98 14
37 42
48 68
95 52
34 81
70 60
36 30
59 38
92 83
20 64
66 90
46 15
42 14
9 18
17 71
21 60
19 65
78 6
52 8
60 11
29 41
81 15
53 81
24 1
82 45
12 10
66 74
15 36
53 18
4 53
13 86
67 14
83 42
67 10
53 46
87 72
100 73
54 11
83 88
87 49
74 37
30 39
87 45
17 13
1 90
22 17
5 13
20 36
14 17
32 92
94 28
53 93
56 16
52 7
29 86
76 41
3 84
20 17
90 80
50 87
46 21
7 15
87 63
49 68
100 98
57 44
93 65
72 34
6 36
48 51
65 4
34 35
2 83
92 16
34 90
44 100
45 84
50 69
76 47
64 6
34 24
12 3
95 87
54 70
37 76
47 80
80 27
65 70
67 17
85 2
12 87
89 84
100 90
99 74
58 3
79 89
15 16
64 92
73 4
75 69
100 3
38 42
90 88
89 9
57 27
71 30
64 94
70 93
82 100
43 67
84 56
36 21
43 40
62 85
22 92
79 19
17 46
62 100
41 20
46 25
76 72
96 49
43 19
60 91
10 41
39 80
88 53
13 18
26 71
19 35
84 26
41 91
74 47
88 52
81 62
11 62
51 5
94 2
68 53
42 64
27 95
18 14
69 73
17 53
60 48
37 32
88 13
58 31
27 90
91 52
43 28
71 22
77 23
20 91
14 73
45 96
30 93
26 74
92 79
7 77
56 8
80 82
80 45
18 29
72 48
91 54
72 73
93 35
34 32
12 83
54 37
6 27
11 3
52 56
21 22
2 69
14 74
63 80
78 32
2 52
28 54
82 12
64 69
98 80
47 29
23 13
89 65
99 38
44 52
86 81
36 95
30 15
61 94
66 92
86 17
89 67
21 10
13 35
52 97
74 88
50 61
39 52
91 61
74 3
96 39
53 63
35 22
45 49
66 76
89 51
100 41
89 46
66 91
92 49
15 100
21 96
71 61
9 13
62 80
80 61
79 65
34 40
97 86
34 98
9 35
47 55
19 85
11 82
82 56
20 46
44 49
66 73
81 8
20 2
50 95
28 20
36 81
11 91
80 51
65 60
90 47
82 46
4 57
43 91
84 78
94 80
90 28
64 49
57 72
39 19
14 55
33 10
90 31
76 92
76 55
83 63
47 93
40 83
39 34
53 32
41 49
81 29
44 5
3 10
20 86
18 45
67 32
98 46
50 56
21 80
32 91
90 74
78 68
90 53
47 61
90 91
68 93
11 74
96 26
3 57
12 88
62 8
47 11
82 81
69 66
93 5
89 17
1 83
95 57
72 44
81 65
75 23
73 77
22 95
91 29
75 26
74 65
75 10
37 68
53 66
94 48
80 59
65 48
24 37
92 15
94 44
65 92
24 50
51 67
23 38
3 62
1 84
6 83
65 46
6 10
100 31
78 76
52 81
28 26
87 15
59 50
51 78
3 28
12 97
42 20
3 33
4 82
12 85
77 100
74 79
17 98
80 33
21 7
12 46
27 77
78 2
27 98
37 27
72 26
14 78
57 80
43 90
35 36
35 100
3 91
8 60
70 21
11 67
36 65
16 28
67 22
60 62
43 87
16 29
51 12
82 98
