42 7
27 34
13 44
5 13
32 14
3 47
48 26
47 11
5 17
35 20
20 50
40 3
28 8
9 28
6 23
29 16
13 19
16 44
47 26
25 9
7 19
1 17
41 26
41 17
16 2
22 17
20 11
27 14
13 35
20 22
29 9
33 2
41 39
23 43
26 37
48 21
6 34
10 12
16 28
9 18
7 17
46 8
45 23
9 6
19 26
49 14
32 40
38 18
28 39
47 43
34 48
16 37
19 30
12 38
2 40
7 46
18 44
41 8
34 10
25 50
34 30
43 16
46 12
27 35
19 9
3 46
19 33
6 43
20 47
5 19
15 12
11 29
18 20
42 6
47 18
6 30
31 38
17 45
8 3
15 41
24 30
18 11
21 1
46 11
22 19
3 6
21 18
7 14
16 23
2 42
27 13
11 40
29 2
45 38
14 39
48 42
38 14
4 12
42 19
39 48
36 11
1 15
2 14
30 10
39 12
47 49
31 46
33 28
42 9
25 23
16 4
48 45
5 14
11 50
33 49
19 45
1 46
2 25
23 24
34 44
45 14
42 8
2 22
43 49
41 4
25 10
7 1
36 4
29 14
1 33
41 45
45 24
34 41
27 11
24 13
5 29
49 12
24 42
13 38
26 40
24 18
2 19
38 4
31 16
15 40
28 13
9 14
44 10
11 45
15 37
14 6
47 13
36 49
44 25
12 6
45 49
10 24
46 25
30 23
28 3
7 37
17 26
35 44
32 41
40 22
30 25
11 48
5 8
28 35
45 28
24 6
40 16
33 5
42 33
18 23
48 47
21 35
36 17
39 22
30 9
31 4
13 1
22 15
37 32
30 18
12 8
25 6
39 20
34 26
48 3
50 17
20 25
3 12
27 20
43 20
38 9
40 19
5 11
6 35
11 49
3 7
1 16
18 15
39 32
26 6
36 6
48 33
5 27
1 40
43 32
32 30
40 41
34 3
33 17
29 48
50 28
36 40
50 14
49 42
41 50
40 45
41 6
28 14
44 30
10 2
29 6
27 15
13 25
14 23
8 30
45 7
4 3
43 28
8 15
27 48
24 41
18 10
1 44
50 39
24 46
19 43
9 33
16 12
33 35
41 23
23 8
4 20
31 48
4 15
29 39
12 2
5 48
27 22
38 30
48 8
23 28
15 33
26 44
39 2
48 10
36 31
15 46
1 35
14 44
36 12
44 9
32 16
7 15
21 37
46 42
19 44
12 47
35 16
24 7
22 28
33 18
8 37
34 14
36 23
49 41
37 46
15 9
18 16
26 1
41 36
10 43
22 38
14 43
17 40
45 12
40 33
36 1
34 38
42 34
47 46
12 34
12 13
36 24
26 4
31 6
35 25
23 27
22 29
33 20
49 37
27 33
15 28
15 50
18 26
4 19
3 17
14 24
1 43
1 30
46 33
44 21
23 37
32 49
32 36
3 1
12 30
18 5
38 36
31 22
26 30
16 47
45 35
7 32
18 35
31 2
17 2
38 15
33 41
44 28
38 16
46 48
47 50
43 21
11 41
8 1
48 18
40 48
39 8
21 25
8 13
31 15
5 41
39 45
13 15
2 49
9 10
31 8
18 14
13 40
18 46
19 29
8 27
4 6
7 10
4 34
34 23
33 38
30 2
21 47
9 2
36 19
27 49
1 25
10 42
13 9
22 3
10 1
36 3
25 42
18 49
36 5
30 28
42 13
9 40
35 26
36 22
12 33
17 11
49 25
37 1
47 42
4 28
33 21
36 20
19 14
16 48
30 36
30 14
24 11
49 50
21 13
41 44
10 47
42 3
50 38
44 39
30 27
26 23
24 19
46 36
45 36
15 6
36 25
43 46
16 10
25 41
26 11
9 3
2 27
4 47
50 6
40 24
29 20
13 7
30 43
37 10
49 40
48 41
38 28
17 23
20 49
19 11
40 10
46 21
24 15
31 12
13 16
8 14
16 46
37 29
23 4
23 44
28 5
21 3
1 6
10 20
22 9
48 6
31 40
1 29
37 11
27 39
47 35
48 15
35 24
8 6
21 34
15 34
4 49
48 2
41 2
3 16
20 2
46 30
46 4
32 24
22 10
39 19
12 20
30 20
16 41
45 6
22 21
19 48
27 17
44 32
13 34
29 46
39 43
12 27
29 42
22 14
14 10
43 33
48 14
37 45
8 44
9 49
32 19
46 22
44 22
15 2
5 46
47 9
37 30
50 23
4 17
40 50
26 42
25 27
18 1
17 44
42 32
48 20
41 43
48 9
19 37
3 26
2 47
31 18
6 47
43 11
11 38
42 22
11 22
5 31
11 15
22 45
5 25
6 16
41 30
9 8
26 8
41 38
40 39
37 13
41 18
32 47
44 48
46 6
3 29
43 50
25 12
17 24
44 4
34 25
33 30
24 2
45 27
29 10
21 4
5 9
48 37
26 13
45 25
16 33
49 1
26 43
9 23
42 30
27 43
2 38
29 47
23 49
15 3
30 7
35 43
33 26
24 44
50 42
43 36
47 38
42 36
39 24
17 46
48 4
49 13
24 1
33 4
25 37
6 37
37 24
21 29
16 27
9 17
13 33
24 21
48 1
42 38
44 42
26 15
3 32
23 5
22 13
50 24
28 20
4 39
16 26
2 18
36 16
27 1
40 27
10 45
7 20
30 22
19 25
29 17
32 50
12 35
12 7
11 4
4 25
49 8
15 17
23 38
25 22
43 34
28 34
21 8
27 21
16 15
28 19
3 27
45 8
48 25
13 4
20 32
3 10
36 7
29 49
1 20
29 25
15 43
48 43
50 36
41 14
26 49
44 27
21 31
34 2
3 39
44 2
35 17
38 17
38 49
46 2
9 46
50 46
3 23
6 17
11 13
24 26
50 30
34 29
37 27
13 2
43 2
33 24
7 44
9 45
34 5
16 21
47 39
31 10
37 3
47 5
24 12
20 13
10 41
36 47
17 8
11 16
17 13
22 37
6 2
26 22
37 28
50 37
18 25
30 48
18 12
14 26
5 2
39 30
26 12
33 22
47 28
47 23
33 47
12 41
42 12
18 40
32 23
45 30
12 9
18 50
50 45
50 13
35 7
37 14
25 38
6 19
49 3
27 29
20 24
31 25
8 33
40 6
31 26
22 35
46 10
2 45
5 38
20 26
32 46
11 42
16 7
45 31
42 18
19 3
34 1
26 2
44 11
14 42
47 22
11 21
2 8
36 44
21 45
19 50
24 38
49 39
34 8
47 40
35 50
11 6
21 41
6 27
15 29
22 1
35 48
1 50
4 8
32 8
27 38
44 12
10 4
6 20
50 33
5 26
38 6
4 35
19 15
9 21
20 8
34 7
1 28
34 20
