72 91
79 55
58 8
74 27
96 90
96 2
92 65
67 82
61 33
23 97
88 2
77 10
38 86
11 23
23 3
34 23
27 46
18 61
46 87
55 99
93 29
98 57
79 7
97 51
8 43
79 90
65 29
77 26
53 35
55 16
24 91
53 61
2 5
18 41
43 94
16 26
37 80
81 24
9 15
52 59
92 12
14 85
27 56
28 96
20 84
34 86
99 72
40 21
19 80
30 72
13 58
83 8
45 95
8 64
48 4
84 39
36 52
72 34
100 86
71 94
90 51
54 4
84 31
54 27
88 69
13 56
14 29
79 5
38 33
28 75
47 29
92 33
59 45
2 54
51 53
44 67
32 35
62 31
40 100
83 15
62 41
24 98
44 66
43 64
58 14
18 49
93 71
13 37
33 52
50 96
8 97
1 13
24 69
59 78
27 39
49 5
2 92
32 91
32 70
39 54
100 72
5 69
63 2
53 70
60 23
73 98
62 65
53 14
26 71
58 20
6 10
42 49
17 67
86 17
37 64
43 86
92 58
96 46
68 75
71 9
47 23
43 12
6 81
12 28
35 6
45 61
44 54
16 66
32 60
16 41
10 79
75 56
22 39
77 84
72 68
22 60
45 15
47 78
32 62
17 6
83 21
6 22
61 31
65 93
83 36
93 47
67 32
42 85
27 19
26 15
9 33
23 44
39 75
9 43
99 22
20 69
68 41
53 67
57 99
40 22
61 17
99 84
48 73
26 32
78 54
28 90
36 61
59 49
93 28
28 40
11 79
94 69
39 97
1 63
66 87
77 90
32 43
91 10
88 63
29 66
18 69
4 67
11 32
52 70
21 77
2 52
82 13
28 19
8 33
63 85
98 33
53 23
51 47
80 41
91 28
46 57
64 94
76 40
35 26
60 29
73 87
77 63
64 33
41 47
28 24
55 76
8 36
4 23
11 15
38 71
88 10
85 90
65 38
79 42
22 76
17 84
18 28
17 40
57 25
6 46
30 17
15 49
11 48
65 66
48 52
55 91
53 71
65 77
56 5
56 45
22 86
15 76
29 36
55 44
22 82
78 69
60 21
96 44
58 80
67 3
43 71
8 4
14 79
4 88
60 6
22 77
57 79
94 53
23 74
40 80
5 97
64 25
84 14
60 41
52 97
50 93
25 99
21 41
25 96
30 87
67 89
74 99
93 57
1 47
44 76
37 68
8 65
74 78
82 4
81 73
99 91
89 29
63 72
77 25
2 14
83 56
34 46
98 99
14 12
44 6
75 52
83 32
13 89
63 95
13 17
10 66
68 32
55 59
26 2
86 61
1 100
97 81
99 30
98 96
48 64
41 25
84 33
30 4
98 74
72 65
56 67
4 76
19 30
48 19
21 46
6 52
95 8
50 6
60 72
60 51
33 58
66 26
61 27
31 54
94 22
53 27
13 38
62 76
41 67
14 83
86 47
52 18
87 65
34 43
46 58
37 91
82 28
24 63
13 77
25 28
24 48
50 7
14 98
82 29
44 26
83 24
32 100
94 46
90 56
21 18
60 86
70 1
28 60
86 18
54 99
67 97
96 6
81 9
58 27
95 42
96 85
67 61
80 90
47 17
41 46
36 35
68 96
100 63
27 43
40 61
2 41
39 50
37 71
39 79
10 56
11 85
62 99
28 44
74 81
45 92
18 59
52 81
45 58
29 45
26 37
1 21
33 31
86 16
100 21
95 34
98 69
46 60
52 61
56 29
78 43
1 28
26 12
91 22
11 21
94 65
97 46
41 1
39 46
23 72
85 100
7 29
70 25
7 62
78 33
83 2
40 18
31 86
83 77
17 29
35 60
14 18
74 70
56 39
34 32
51 33
97 24
42 31
75 23
37 24
44 50
11 61
68 7
69 93
84 11
33 87
2 59
11 29
58 74
72 79
12 25
69 22
100 17
44 43
5 90
67 45
79 62
81 69
57 82
38 3
21 73
31 25
25 36
28 56
65 30
69 15
85 35
51 65
44 52
79 68
24 94
50 15
73 13
94 36
1 93
18 81
99 31
3 24
82 86
74 15
29 71
66 23
23 71
100 25
17 72
6 77
63 45
68 64
56 70
20 32
7 83
35 92
57 5
77 1
20 75
14 70
87 7
92 15
5 53
20 66
26 73
23 35
34 68
17 4
63 94
2 38
69 12
19 74
90 6
82 84
36 33
79 88
27 84
13 52
48 34
78 42
41 23
65 47
11 33
78 95
73 28
31 50
79 20
11 31
4 94
38 97
81 17
3 87
77 94
56 72
56 19
91 61
10 76
6 15
62 51
60 93
80 33
78 72
15 73
80 78
5 61
78 67
7 77
53 45
96 84
32 5
37 44
15 19
95 44
45 9
90 95
90 68
90 26
62 33
92 9
96 75
71 76
70 94
84 58
76 91
100 44
47 56
57 68
89 37
24 8
100 51
36 64
1 86
92 44
92 62
89 96
1 62
74 40
5 54
21 92
1 5
81 37
71 31
93 82
72 77
4 39
45 79
36 48
18 33
70 6
83 72
89 80
67 24
91 25
46 86
100 61
42 12
43 65
99 89
31 66
83 6
66 89
16 4
45 43
74 26
94 56
65 76
19 9
43 26
32 25
72 21
46 54
8 81
85 9
32 51
3 85
78 25
68 23
23 82
31 5
85 75
40 90
57 55
54 16
5 23
97 29
93 54
78 41
13 26
8 68
37 28
28 99
27 57
87 79
30 75
13 74
62 53
52 8
40 73
25 46
33 93
46 76
90 57
79 74
73 1
53 13
98 48
51 93
46 62
27 1
64 15
43 68
18 73
56 86
49 76
90 23
40 79
62 30
68 97
54 37
65 89
5 73
61 80
75 17
77 87
73 38
51 95
36 53
57 26
8 6
42 55
14 10
94 34
75 45
69 19
40 13
26 38
23 80
38 95
34 52
98 9
68 98
65 70
66 88
40 50
5 88
75 47
45 94
16 59
92 31
77 97
31 45
98 49
78 63
87 81
2 58
21 75
98 35
19 46
69 38
60 52
16 40
75 2
2 50
87 48
38 58
96 77
23 39
83 73
99 33
95 56
9 69
40 4
97 19
13 4
16 76
37 65
54 17
6 80
45 47
96 29
26 98
42 73
90 60
1 19
26 19
92 88
54 7
94 21
25 3
95 22
87 51
97 48
93 73
21 68
71 18
89 88
2 3
98 44
44 45
87 90
12 67
64 77
73 94
40 26
56 35
54 84
70 15
45 23
74 90
8 2
35 39
6 31
68 50
72 69
32 57
50 16
20 78
21 6
11 5
18 85
92 19
66 34
56 11
33 86
85 70
16 11
12 56
85 54
82 80
74 96
24 88
9 90
12 45
40 97
97 55
45 4
15 24
24 21
53 29
28 62
48 83
47 73
65 7
5 48
88 65
8 40
98 36
86 96
33 88
94 89
51 92
54 9
46 98
88 50
95 60
72 75
74 17
7 89
61 92
100 16
67 69
96 63
1 22
82 2
35 40
62 29
96 52
78 88
91 70
66 27
47 33
12 29
25 16
1 53
96 8
2 27
80 38
17 52
58 54
17 96
11 81
12 65
5 33
73 37
63 87
81 28
76 93
30 95
16 97
79 98
98 37
87 1
26 36
48 6
61 20
87 43
36 16
89 58
93 14
88 41
88 74
98 52
89 90
34 67
27 97
81 88
59 19
77 3
11 49
88 32
34 97
8 38
67 20
7 99
57 2
48 17
68 10
37 76
58 87
3 95
5 92
72 52
80 77
48 99
45 7
70 38
29 50
28 65
68 76
3 56
79 44
44 86
9 57
48 29
43 24
30 12
53 49
74 97
94 26
2 9
9 100
88 45
25 54
25 13
6 98
3 94
67 63
3 52
96 79
17 76
98 41
6 20
97 50
13 18
95 27
82 34
30 83
74 94
57 3
78 61
64 98
66 5
35 14
73 68
42 41
6 88
73 31
35 12
60 11
37 94
83 99
81 60
74 92
72 19
9 88
30 48
80 72
31 44
39 28
22 18
92 89
24 77
30 13
46 50
42 81
62 74
20 59
61 98
52 94
33 48
30 23
3 97
13 78
6 78
75 32
54 77
50 73
36 79
97 17
3 34
2 42
5 94
31 74
55 5
35 69
12 77
28 49
29 54
41 71
67 50
88 60
18 12
24 36
91 48
72 32
100 69
27 30
30 49
12 49
43 7
63 47
75 84
95 21
60 18
53 66
40 45
88 48
57 95
42 47
67 22
11 42
89 30
2 78
6 33
60 24
71 58
27 36
20 96
42 70
33 96
53 86
56 77
35 100
91 84
49 23
93 79
29 19
75 4
16 87
74 18
39 47
61 64
6 82
24 55
8 28
84 40
27 41
86 25
87 39
59 56
22 16
48 57
32 56
99 64
88 100
20 98
82 89
37 16
3 48
87 8
37 18
88 7
42 52
92 11
59 81
7 90
49 96
79 3
27 88
50 77
15 43
87 80
20 89
90 55
21 3
39 2
77 42
4 41
37 46
16 9
42 94
56 66
87 40
49 41
76 45
28 88
65 78
42 50
36 92
12 72
59 83
21 27
87 23
4 71
88 8
16 31
50 69
38 15
65 97
12 87
42 7
84 38
99 45
64 29
34 98
57 50
99 46
81 63
100 98
59 35
4 34
57 54
11 28
10 71
74 6
64 39
37 55
24 73
81 98
70 31
12 95
31 38
47 6
63 9
8 23
100 29
30 2
74 60
100 27
97 100
15 22
74 91
58 44
74 89
79 32
25 58
25 10
67 92
96 60
11 77
61 2
12 17
16 33
27 22
39 8
46 35
77 55
7 96
54 12
87 71
48 23
76 31
15 59
52 88
97 37
62 26
18 48
45 18
91 79
32 59
59 27
75 89
83 50
62 44
53 18
39 34
10 61
5 24
7 69
98 60
30 71
60 94
32 80
73 25
10 33
16 96
11 26
33 90
19 31
41 37
72 10
63 52
54 63
46 84
28 36
64 97
5 77
82 9
65 17
23 98
96 4
48 8
86 80
65 40
45 82
86 89
12 41
68 9
91 83
2 86
62 23
15 46
68 95
93 32
9 36
43 99
69 97
41 51
85 13
19 53
72 94
53 89
27 50
35 65
49 54
3 12
41 72
85 6
58 95
42 67
87 49
15 52
39 83
41 84
22 74
67 66
36 76
47 54
95 55
15 88
86 77
6 55
100 80
89 54
92 49
77 39
73 36
22 75
36 89
27 5
56 74
22 54
93 78
24 80
70 29
62 97
41 73
6 75
38 1
53 85
6 71
43 85
76 53
13 91
14 81
20 46
87 53
69 83
8 30
95 53
94 33
26 8
90 39
21 85
7 52
56 15
12 81
19 18
71 69
48 45
44 8
16 92
15 16
36 23
38 20
7 12
68 22
21 8
35 83
85 82
38 23
67 39
82 58
64 90
18 99
97 11
64 26
19 70
62 22
70 100
80 63
18 70
48 85
2 46
41 91
83 23
96 27
61 85
80 65
52 78
16 69
31 59
26 17
7 30
89 16
98 29
35 51
88 40
45 34
84 45
54 100
3 15
19 37
80 95
4 29
24 79
3 81
42 36
97 59
77 68
76 88
13 54
44 51
30 32
99 6
95 71
49 91
13 35
62 45
66 52
7 55
74 73
96 40
12 100
24 53
52 5
6 62
88 91
20 35
55 36
19 73
44 5
89 9
71 21
52 71
61 77
7 17
52 31
60 37
55 84
74 32
72 28
72 18
57 65
16 2
46 24
36 70
76 14
85 49
32 73
83 34
84 95
67 46
70 48
79 50
28 45
7 48
30 96
51 48
88 42
51 54
26 60
74 57
99 56
44 21
21 66
30 77
21 49
20 87
74 46
6 49
36 12
33 4
37 86
87 25
26 63
3 75
97 70
49 63
11 72
60 31
29 3
19 78
94 23
17 80
96 82
50 82
82 76
85 30
5 51
22 81
17 69
53 90
29 99
91 33
67 57
60 45
62 27
92 47
2 71
5 12
41 82
35 78
43 5
40 70
71 32
77 89
9 10
9 60
89 12
49 19
67 76
84 23
16 52
68 46
23 92
4 85
76 29
87 96
26 6
5 84
46 92
20 50
71 66
17 91
58 75
38 77
53 77
49 70
24 1
43 18
7 81
71 15
18 90
24 27
1 72
97 98
68 84
36 50
36 43
93 63
18 94
29 80
32 84
23 1
68 78
24 99
91 95
87 11
7 66
71 45
54 88
14 20
15 40
69 10
8 85
46 64
89 3
53 26
43 46
13 90
4 83
81 96
20 71
69 75
22 46
6 61
68 89
4 18
25 79
83 44
23 18
15 53
99 26
17 5
43 88
48 62
2 28
27 20
12 24
36 99
71 97
88 93
81 35
63 59
72 58
49 1
94 61
72 36
65 53
72 73
93 9
46 8
2 49
27 14
33 44
86 50
100 89
83 78
84 48
35 10
69 13
2 25
50 91
13 15
89 34
46 18
18 56
57 20
73 99
75 83
44 14
6 29
62 77
51 98
44 85
59 73
93 84
42 23
71 79
62 16
44 70
22 49
71 44
21 2
18 1
96 57
75 90
44 27
18 44
95 83
75 42
22 13
78 64
14 26
22 33
76 48
43 59
85 25
10 67
1 6
63 7
1 75
93 17
8 3
9 80
6 36
8 27
2 53
34 5
36 93
50 84
3 32
57 70
98 63
22 10
93 4
69 52
41 8
1 78
26 1
16 63
63 22
92 43
16 94
71 83
45 77
37 79
22 42
44 41
81 10
38 53
74 55
96 53
46 44
51 7
93 3
22 89
71 54
47 13
78 84
75 86
42 74
60 87
28 58
92 76
2 85
15 100
77 71
66 36
31 21
41 38
81 75
73 35
56 37
24 29
19 95
100 23
37 92
63 84
72 6
2 62
8 37
58 29
62 12
48 60
88 37
22 14
35 28
57 34
87 18
56 60
47 9
68 11
56 97
9 13
63 99
85 22
44 11
17 31
72 92
87 28
41 31
21 63
9 32
97 45
15 81
37 57
44 64
13 50
39 44
14 41
4 53
23 7
67 91
92 82
26 85
28 16
9 52
75 5
12 47
17 51
83 82
73 75
8 89
49 89
61 47
22 29
52 93
56 9
20 18
66 32
18 6
38 10
72 43
24 9
58 59
32 10
10 100
21 38
47 72
90 34
38 59
51 39
33 26
22 19
21 7
31 88
73 11
90 94
45 26
83 65
52 11
35 99
25 42
58 17
72 20
79 84
74 39
10 34
88 11
46 55
14 47
79 67
15 86
17 82
16 38
2 4
5 46
19 14
39 5
42 39
39 71
48 54
47 10
29 88
100 43
37 47
98 71
85 41
39 63
45 87
4 7
56 20
29 86
100 68
25 59
78 58
28 7
46 7
38 90
15 28
53 39
70 71
13 36
86 97
91 86
39 52
7 64
21 22
9 67
69 99
80 30
87 84
34 50
27 65
70 33
72 39
76 21
70 21
84 34
10 18
54 97
68 36
98 25
47 98
11 91
7 49
94 48
73 89
74 64
81 93
58 42
33 77
91 5
80 14
38 28
39 99
28 95
11 82
43 13
89 15
80 34
16 88
51 11
36 60
33 57
64 45
82 38
25 47
73 96
69 82
44 16
85 51
3 78
25 95
84 4
79 53
26 47
51 73
93 87
70 34
95 20
63 66
52 23
53 11
61 49
25 62
66 24
32 82
29 75
56 24
27 69
86 73
68 65
13 27
18 5
33 97
69 34
10 78
58 69
43 66
15 85
21 78
43 21
35 3
3 71
88 20
24 39
87 2
39 26
14 38
58 30
13 98
90 88
33 20
17 20
47 85
58 51
43 1
68 2
28 78
64 53
82 66
15 75
64 56
78 81
35 93
48 93
6 16
39 85
42 19
91 85
100 36
47 69
93 16
99 14
100 7
11 30
97 30
79 61
86 69
36 41
94 55
35 89
77 59
24 58
93 91
77 47
85 88
86 42
50 95
43 62
1 17
87 31
23 29
34 58
44 1
52 19
63 68
97 28
2 73
20 54
95 76
34 74
65 82
22 73
72 31
49 16
4 100
98 8
99 80
5 10
54 96
75 13
2 100
68 60
53 30
51 61
91 65
98 21
20 93
18 57
97 4
48 65
78 8
62 35
66 22
76 84
66 100
51 75
86 90
13 42
34 73
32 85
65 34
65 33
45 55
84 26
95 54
65 1
25 55
51 20
66 74
70 47
21 17
55 12
21 32
82 42
42 34
90 93
81 30
93 89
9 50
61 88
1 67
97 7
4 59
62 47
82 36
81 34
23 56
71 57
49 80
68 59
62 71
87 99
81 40
19 44
77 17
62 60
92 66
89 47
79 17
74 11
10 26
60 53
58 6
75 93
79 100
38 5
23 58
47 5
79 15
18 29
86 71
83 20
25 75
88 1
45 54
34 64
31 68
57 12
48 95
49 74
19 11
38 40
68 35
90 58
89 61
94 47
84 2
47 100
56 42
37 67
82 91
2 22
87 52
95 35
65 73
39 10
36 45
53 99
62 10
68 56
49 8
78 11
59 85
21 89
70 50
41 11
96 39
93 80
32 61
83 88
66 37
31 67
63 23
22 34
32 54
33 37
7 19
36 74
50 38
6 57
81 47
87 32
60 10
63 42
13 72
72 38
24 72
80 73
90 98
34 93
38 46
22 83
28 47
50 37
65 67
70 66
26 5
18 8
64 72
11 64
29 69
75 79
17 94
45 33
23 73
78 51
5 19
37 9
6 91
8 73
3 68
9 84
65 18
90 22
17 64
70 8
47 80
9 46
83 67
61 44
18 67
73 17
12 79
91 96
80 70
91 44
83 3
9 42
56 36
90 73
36 4
21 9
64 20
10 16
62 3
83 19
47 50
93 22
17 8
40 32
7 22
36 71
60 50
10 42
46 73
64 60
24 62
76 85
18 25
90 69
97 2
48 31
23 9
83 54
96 13
41 65
97 90
9 49
37 58
81 100
13 70
7 25
66 25
14 39
78 4
58 60
22 37
64 10
92 3
18 51
53 42
9 96
96 42
78 26
80 4
77 8
58 43
89 98
26 72
92 87
65 75
92 86
39 66
73 66
86 13
34 18
51 4
8 11
12 1
94 99
23 61
33 30
37 27
32 16
22 92
36 46
31 82
14 8
99 59
77 14
88 34
28 83
5 50
17 68
59 23
66 86
90 49
92 28
99 21
8 15
27 87
98 38
71 42
6 89
88 22
19 81
69 48
64 35
11 96
42 6
6 93
36 31
93 99
89 70
93 46
55 1
38 91
86 68
25 19
56 84
83 90
34 54
47 84
73 97
18 32
35 31
62 86
45 80
50 58
77 70
12 44
45 11
63 89
90 15
98 1
72 89
55 68
77 98
43 49
86 26
27 90
74 4
41 22
83 9
55 39
63 37
97 72
68 16
51 68
5 35
44 10
16 42
13 63
82 78
15 37
76 20
35 82
2 31
21 79
20 39
80 42
64 57
88 97
83 92
84 74
64 71
54 21
12 60
85 95
26 42
68 58
27 16
60 8
5 62
36 51
97 1
55 21
3 59
19 88
66 77
21 28
60 17
54 50
56 65
33 12
46 11
91 46
76 12
81 72
38 17
34 56
2 77
89 24
8 71
6 30
99 16
8 63
80 50
40 47
6 76
25 68
32 28
79 82
97 44
92 90
33 73
59 91
41 94
56 25
94 28
32 31
68 44
47 20
16 3
51 72
92 56
47 31
44 35
46 28
43 74
69 73
41 95
30 69
35 49
57 11
84 89
27 77
22 52
3 82
32 48
81 21
39 15
96 83
4 86
18 96
7 11
47 52
69 60
25 45
83 47
76 47
35 75
78 44
8 29
47 71
64 32
50 43
42 97
11 99
49 67
13 2
75 64
87 82
73 64
90 24
71 25
28 69
3 76
59 76
79 69
35 67
83 31
55 4
70 37
54 92
95 11
99 76
68 20
58 88
38 64
69 37
83 38
39 16
42 99
42 87
44 72
86 76
6 40
23 57
4 68
87 59
76 30
77 100
79 78
85 67
99 47
71 33
12 93
75 33
36 49
59 72
82 90
34 12
23 76
98 18
31 63
78 99
64 30
100 13
38 48
22 100
10 45
46 82
42 100
62 87
83 74
24 49
33 85
19 6
61 46
43 97
33 19
66 61
69 42
83 40
55 31
46 71
35 80
14 34
90 1
66 97
24 71
71 28
62 17
92 4
28 5
79 95
20 100
18 26
92 96
52 100
29 44
45 52
20 25
42 29
75 50
63 44
80 57
64 47
11 43
23 88
18 68
3 36
57 75
85 28
61 50
95 70
9 58
47 90
84 53
80 48
1 79
48 63
88 25
22 96
93 96
21 90
51 13
19 23
47 57
2 34
73 9
42 5
49 75
59 40
90 67
22 3
51 27
1 30
72 70
83 98
15 31
55 69
29 57
73 12
74 35
12 66
61 15
97 58
40 82
51 6
45 22
20 11
56 38
42 32
10 75
15 94
26 58
49 84
63 3
49 64
21 36
68 93
19 50
4 27
56 54
79 54
64 80
37 4
45 21
10 17
38 68
31 65
32 2
16 7
9 30
10 43
38 66
59 82
1 66
16 82
47 55
67 62
41 99
46 40
95 1
43 28
87 57
46 69
79 76
28 79
55 98
39 7
2 74
11 6
41 70
4 31
88 53
96 65
15 97
33 1
49 72
41 100
22 47
51 37
55 22
60 47
69 96
60 79
61 69
36 19
72 86
41 75
81 51
9 61
8 93
10 28
29 72
85 72
21 39
69 14
64 42
36 14
22 17
92 95
96 43
41 32
57 7
33 29
18 7
33 41
8 47
3 9
30 61
95 74
88 73
35 66
35 58
65 50
9 74
94 49
91 64
23 99
23 14
37 20
100 83
20 86
39 1
13 16
89 11
24 57
7 78
41 69
91 34
84 69
84 70
33 13
16 57
85 36
60 3
26 81
32 39
23 55
60 2
23 12
24 65
29 78
46 16
66 98
11 4
76 7
34 38
7 70
16 90
96 23
86 84
57 94
78 37
60 55
100 64
43 56
58 93
32 77
86 88
27 81
70 27
7 41
91 18
62 82
79 31
94 1
90 44
70 76
85 66
20 94
61 39
62 83
16 1
56 40
48 35
14 7
90 81
73 52
30 46
61 13
22 36
77 60
35 84
40 63
83 80
83 46
57 97
19 91
65 19
55 78
64 89
46 53
61 4
27 86
64 16
64 4
31 64
9 12
88 17
20 10
47 67
51 59
53 37
81 53
43 77
57 1
74 48
31 39
85 81
65 52
70 20
50 85
4 56
60 66
83 57
79 19
5 15
3 42
27 52
74 54
55 26
12 20
70 75
14 30
78 24
36 78
54 28
58 76
21 35
86 83
51 23
89 57
56 71
86 95
42 46
61 87
95 75
65 95
80 60
19 100
35 94
21 74
78 38
49 26
69 2
34 20
48 27
73 58
54 33
93 49
16 23
86 39
38 52
51 14
92 41
67 16
7 84
51 88
93 21
60 84
9 94
84 66
80 8
76 54
37 11
76 64
66 99
87 34
31 69
1 29
96 80
89 62
66 45
75 80
98 7
17 70
36 54
14 42
88 64
71 51
89 56
81 31
3 30
75 98
76 19
33 56
29 55
38 7
28 67
59 98
11 3
49 82
20 40
50 71
89 85
74 45
37 5
50 81
24 93
56 2
54 3
91 78
30 93
49 51
59 90
11 58
3 49
58 55
89 71
29 81
89 51
48 67
46 65
29 43
44 48
10 57
8 19
12 80
72 54
8 94
86 36
12 51
43 35
44 49
84 22
32 19
21 51
1 56
66 80
43 37
40 9
23 26
82 100
38 32
51 19
50 18
6 37
15 2
75 61
53 17
100 6
41 26
82 77
12 16
65 85
98 58
40 10
87 94
83 85
23 10
9 97
38 54
16 21
15 1
22 26
52 86
60 75
55 71
35 57
72 48
72 82
22 4
88 18
77 74
19 34
86 10
26 88
2 91
93 97
21 91
7 59
32 22
51 42
69 92
54 10
60 39
11 17
35 25
89 2
10 49
100 3
95 98
99 52
40 7
53 73
64 52
32 45
69 66
97 99
67 51
41 96
15 91
17 41
84 100
90 2
85 73
11 1
32 86
26 65
20 44
51 25
29 9
13 19
50 22
10 85
60 85
43 82
69 1
80 53
90 20
2 66
17 89
25 33
35 50
33 74
26 51
43 6
98 80
35 55
47 24
81 58
20 53
96 12
41 57
55 48
55 41
10 11
31 12
77 52
12 88
72 87
63 12
88 75
94 11
62 90
21 65
26 100
15 25
46 51
19 4
62 8
10 94
94 14
15 54
18 80
20 24
55 80
66 78
29 5
54 52
89 33
76 61
19 99
15 41
4 25
58 16
99 17
86 58
94 39
70 78
93 56
5 86
39 40
84 43
70 39
57 61
59 6
41 9
58 85
77 93
63 33
44 17
12 70
46 56
69 49
8 35
19 12
77 19
34 13
14 86
71 22
10 12
67 55
19 93
59 70
70 87
91 100
58 3
57 85
55 81
70 88
46 78
79 41
71 92
79 89
11 66
21 5
88 21
66 9
55 13
76 81
9 1
38 4
66 33
25 74
18 79
82 70
42 37
38 94
73 67
14 52
65 86
19 41
76 69
27 80
43 80
84 98
88 77
20 36
81 66
1 60
39 62
91 89
81 33
5 4
28 6
19 64
70 2
85 62
42 83
17 15
56 73
41 74
95 52
44 84
8 74
38 36
30 68
94 80
59 64
19 82
18 64
27 67
32 49
24 33
42 33
78 31
3 10
56 49
78 86
10 41
91 8
42 44
56 55
54 68
16 60
45 100
69 62
39 95
44 24
75 40
89 25
60 89
49 78
80 88
54 59
36 95
2 93
63 14
7 44
37 49
58 31
78 17
59 61
35 38
24 6
93 67
62 4
77 41
64 69
55 51
32 98
34 25
3 70
82 74
75 12
38 18
21 20
17 87
41 29
84 18
14 100
9 28
33 43
20 55
86 57
76 72
72 84
68 33
85 80
14 50
7 61
17 27
4 58
16 48
18 66
45 41
78 94
98 70
24 2
91 51
55 9
93 10
98 54
40 49
95 72
35 29
92 81
55 30
48 41
43 55
79 94
79 97
43 54
17 83
67 70
57 39
38 43
47 34
69 80
85 78
86 51
27 33
11 39
17 66
60 63
53 34
63 69
65 16
23 65
100 96
92 10
99 13
67 95
26 61
58 47
50 21
77 34
94 6
56 69
67 58
49 55
45 51
4 77
45 14
66 14
95 26
50 17
63 19
81 44
80 62
67 38
86 64
55 92
95 100
87 6
36 63
85 1
42 1
56 8
27 98
42 27
85 98
50 51
24 75
79 27
75 38
48 28
88 62
7 56
80 21
92 29
5 9
19 94
77 67
1 58
74 51
35 33
81 79
42 89
46 85
60 76
5 13
15 63
92 7
48 26
44 56
87 36
84 71
26 91
74 67
41 20
96 47
47 95
17 25
89 18
54 8
54 55
7 20
51 79
24 84
61 22
37 87
35 22
55 85
22 98
32 36
68 5
9 38
87 24
24 42
95 46
11 62
40 30
88 96
11 63
61 34
90 42
45 39
93 26
28 3
7 24
79 8
49 13
100 8
31 91
54 66
91 23
66 28
67 84
36 30
10 15
96 66
1 40
1 25
86 21
37 30
74 87
59 29
28 33
50 99
17 42
38 62
7 91
7 33
1 50
95 24
46 90
20 13
47 53
29 30
98 50
70 99
79 63
24 52
34 96
86 8
1 96
90 4
65 61
2 80
22 51
4 70
91 58
10 98
4 28
84 3
66 94
93 7
87 19
53 31
83 45
31 1
78 60
4 6
65 100
15 23
64 93
25 8
5 58
95 18
7 72
27 93
43 83
83 41
80 11
68 1
50 30
7 75
40 3
79 92
40 77
46 4
54 19
6 73
48 39
30 43
52 90
43 51
100 76
83 27
36 7
1 32
10 46
60 92
42 76
86 67
39 80
75 67
71 59
59 17
54 91
52 20
43 22
17 45
42 93
79 85
79 13
25 11
14 46
61 16
4 42
72 40
87 50
27 64
57 73
99 60
100 24
11 69
21 37
38 87
17 34
76 27
15 48
53 98
15 29
