6 10
12 22
6 4
1 20
5 24
13 3
8 24
8 15
18 5
19 7
23 9
6 14
18 4
19 21
8 12
9 6
19 9
6 20
9 10
19 10
17 25
13 22
10 21
20 13
22 3
4 2
24 18
4 13
20 17
15 3
4 12
19 12
12 23
19 6
16 20
17 1
10 15
21 4
9 24
24 15
23 13
15 18
20 25
6 24
11 3
16 21
2 21
10 11
23 21
16 1
16 25
1 3
21 24
1 7
22 17
13 16
16 19
24 20
15 16
12 5
23 25
21 22
8 11
25 2
5 20
2 24
9 25
21 14
21 5
22 9
6 23
18 14
14 25
12 24
8 21
3 14
7 16
1 18
5 11
22 10
8 4
20 11
10 18
6 21
6 12
13 5
13 17
16 22
20 7
7 9
22 4
6 15
1 12
1 5
16 8
2 10
10 3
11 9
5 6
19 23
16 11
2 12
7 14
21 13
5 25
2 5
18 19
18 2
11 25
20 22
18 11
4 23
18 13
17 23
20 14
5 22
18 21
10 7
21 17
19 22
4 3
4 24
3 8
8 14
19 15
25 15
17 6
9 2
22 14
25 21
25 1
4 15
20 19
3 5
7 22
14 5
9 5
8 10
1 9
11 2
4 5
22 6
14 13
14 4
3 23
17 3
20 23
19 4
1 8
18 3
22 23
19 25
18 8
20 15
8 5
12 20
1 6
8 9
12 18
8 7
5 10
4 9
11 12
3 16
3 21
24 10
15 23
4 17
10 13
7 18
17 10
13 19
14 2
24 23
8 20
16 14
9 14
6 11
25 13
3 7
14 23
23 1
19 14
18 23
7 6
7 12
17 2
11 24
13 6
5 15
1 14
13 9
2 19
12 10
12 9
24 19
8 19
11 1
1 4
5 17
2 1
22 18
7 24
20 3
15 14
